Element Number	Element Type	Nodes	
1	Quad4	154	207	206	153	
2	Quad4	153	240	239	154	
3	Quad4	206	205	155	153	
4	Quad4	155	241	240	153	
5	Quad4	239	238	156	154	
6	Quad4	156	208	207	154	
7	Quad4	205	204	157	155	
8	Quad4	157	242	241	155	
9	Quad4	238	237	158	156	
10	Quad4	158	209	208	156	
11	Quad4	204	203	159	157	
12	Quad4	159	243	242	157	
13	Quad4	237	236	160	158	
14	Quad4	160	210	209	158	
15	Quad4	203	202	161	159	
16	Quad4	161	244	243	159	
17	Quad4	236	235	162	160	
18	Quad4	162	211	210	160	
19	Quad4	202	201	163	161	
20	Quad4	163	245	244	161	
21	Quad4	235	234	164	162	
22	Quad4	164	212	211	162	
23	Quad4	201	200	165	163	
24	Quad4	165	540	245	163	
25	Quad4	234	233	166	164	
26	Quad4	166	213	212	164	
27	Quad4	200	199	167	165	
28	Quad4	167	246	540	165	
29	Quad4	233	232	168	166	
30	Quad4	168	214	213	166	
31	Quad4	199	198	169	167	
32	Quad4	169	247	246	167	
33	Quad4	232	231	170	168	
34	Quad4	170	215	214	168	
35	Quad4	198	197	171	169	
36	Quad4	171	248	247	169	
37	Quad4	231	230	172	170	
38	Quad4	172	216	215	170	
39	Quad4	197	196	173	171	
40	Quad4	173	249	248	171	
41	Quad4	230	229	174	172	
42	Quad4	174	217	216	172	
43	Quad4	196	195	175	173	
44	Quad4	175	250	249	173	
45	Quad4	229	228	176	174	
46	Quad4	176	218	217	174	
47	Quad4	195	194	177	175	
48	Quad4	177	251	250	175	
49	Quad4	228	227	178	176	
50	Quad4	178	219	218	176	
51	Quad4	194	193	179	177	
52	Quad4	179	252	251	177	
53	Quad4	227	226	180	178	
54	Quad4	180	220	219	178	
55	Quad4	193	192	181	179	
56	Quad4	181	253	252	179	
57	Quad4	226	225	182	180	
58	Quad4	182	221	220	180	
59	Quad4	192	191	183	181	
60	Quad4	183	254	253	181	
61	Quad4	225	185	184	182	
62	Quad4	184	222	221	182	
63	Quad4	191	186	187	183	
64	Quad4	187	255	254	183	
65	Quad4	185	189	188	184	
66	Quad4	188	223	222	184	
67	Quad4	185	256	326	189	
68	Quad4	225	258	256	185	
69	Quad4	186	190	257	187	
70	Quad4	191	290	224	186	
71	Quad4	224	539	190	186	
72	Quad4	257	324	255	187	
73	Quad4	390	392	223	188	
74	Quad4	188	189	389	390	
75	Quad4	189	326	388	389	
76	Quad4	190	406	409	257	
77	Quad4	190	539	537	406	
78	Quad4	192	291	290	191	
79	Quad4	193	292	291	192	
80	Quad4	194	293	292	193	
81	Quad4	195	294	293	194	
82	Quad4	196	295	294	195	
83	Quad4	197	296	295	196	
84	Quad4	198	297	296	197	
85	Quad4	199	298	297	198	
86	Quad4	200	299	298	199	
87	Quad4	201	300	299	200	
88	Quad4	202	301	300	201	
89	Quad4	203	302	301	202	
90	Quad4	204	303	302	203	
91	Quad4	205	304	303	204	
92	Quad4	206	305	304	205	
93	Quad4	207	306	305	206	
94	Quad4	208	307	306	207	
95	Quad4	209	308	307	208	
96	Quad4	210	309	308	209	
97	Quad4	211	310	309	210	
98	Quad4	212	311	310	211	
99	Quad4	213	312	311	212	
100	Quad4	214	313	312	213	
101	Quad4	215	314	313	214	
102	Quad4	216	315	314	215	
103	Quad4	217	316	315	216	
104	Quad4	218	317	316	217	
105	Quad4	219	318	317	218	
106	Quad4	220	319	318	219	
107	Quad4	221	320	319	220	
108	Quad4	222	321	320	221	
109	Quad4	223	322	321	222	
110	Quad4	392	391	322	223	
111	Quad4	224	323	381	539	
112	Quad4	290	328	323	224	
113	Quad4	226	259	258	225	
114	Quad4	227	260	259	226	
115	Quad4	228	261	260	227	
116	Quad4	229	262	261	228	
117	Quad4	230	263	262	229	
118	Quad4	231	264	263	230	
119	Quad4	232	265	264	231	
120	Quad4	233	266	265	232	
121	Quad4	234	267	266	233	
122	Quad4	235	268	267	234	
123	Quad4	236	269	268	235	
124	Quad4	237	270	269	236	
125	Quad4	238	271	270	237	
126	Quad4	239	272	271	238	
127	Quad4	240	273	272	239	
128	Quad4	241	274	273	240	
129	Quad4	242	275	274	241	
130	Quad4	243	276	275	242	
131	Quad4	244	277	276	243	
132	Quad4	245	278	277	244	
133	Quad4	540	279	278	245	
134	Quad4	246	280	279	540	
135	Quad4	247	281	280	246	
136	Quad4	248	282	281	247	
137	Quad4	249	283	282	248	
138	Quad4	250	284	283	249	
139	Quad4	251	285	284	250	
140	Quad4	252	286	285	251	
141	Quad4	253	287	286	252	
142	Quad4	254	288	287	253	
143	Quad4	255	289	288	254	
144	Quad4	324	325	289	255	
145	Quad4	256	327	383	326	
146	Quad4	258	533	327	256	
147	Quad4	409	408	324	257	
148	Quad4	259	353	533	258	
149	Quad4	260	354	353	259	
150	Quad4	261	355	354	260	
151	Quad4	262	356	355	261	
152	Quad4	263	357	356	262	
153	Quad4	264	358	357	263	
154	Quad4	265	359	358	264	
155	Quad4	266	360	359	265	
156	Quad4	267	361	360	266	
157	Quad4	268	362	361	267	
158	Quad4	269	363	362	268	
159	Quad4	270	532	363	269	
160	Quad4	271	364	532	270	
161	Quad4	272	365	364	271	
162	Quad4	273	366	365	272	
163	Quad4	274	367	366	273	
164	Quad4	275	368	367	274	
165	Quad4	276	369	368	275	
166	Quad4	277	370	369	276	
167	Quad4	278	371	370	277	
168	Quad4	279	372	371	278	
169	Quad4	280	543	372	279	
170	Quad4	281	373	543	280	
171	Quad4	282	528	373	281	
172	Quad4	283	374	528	282	
173	Quad4	284	375	374	283	
174	Quad4	285	376	375	284	
175	Quad4	286	377	376	285	
176	Quad4	287	378	377	286	
177	Quad4	288	534	378	287	
178	Quad4	289	379	534	288	
179	Quad4	325	382	379	289	
180	Quad4	291	329	328	290	
181	Quad4	292	330	329	291	
182	Quad4	293	331	330	292	
183	Quad4	294	332	331	293	
184	Quad4	295	333	332	294	
185	Quad4	296	536	333	295	
186	Quad4	297	334	536	296	
187	Quad4	298	335	334	297	
188	Quad4	299	336	335	298	
189	Quad4	300	531	336	299	
190	Quad4	301	527	531	300	
191	Quad4	302	337	527	301	
192	Quad4	303	338	337	302	
193	Quad4	304	339	338	303	
194	Quad4	305	340	339	304	
195	Quad4	306	341	340	305	
196	Quad4	307	342	341	306	
197	Quad4	308	535	342	307	
198	Quad4	309	343	535	308	
199	Quad4	310	344	343	309	
200	Quad4	311	345	344	310	
201	Quad4	312	530	345	311	
202	Quad4	313	526	530	312	
203	Quad4	314	346	526	313	
204	Quad4	315	347	346	314	
205	Quad4	316	525	347	315	
206	Quad4	317	348	525	316	
207	Quad4	318	349	348	317	
208	Quad4	319	350	349	318	
209	Quad4	320	351	350	319	
210	Quad4	321	352	351	320	
211	Quad4	322	380	352	321	
212	Quad4	391	384	380	322	
213	Quad4	381	385	537	539	
214	Quad4	328	422	421	323	
215	Quad4	421	420	381	323	
216	Quad4	324	408	407	325	
217	Quad4	407	386	382	325	
218	Quad4	383	387	388	326	
219	Quad4	533	477	476	327	
220	Quad4	476	475	383	327	
221	Quad4	330	424	423	329	
222	Quad4	329	423	422	328	
223	Quad4	332	426	425	331	
224	Quad4	331	425	424	330	
225	Quad4	536	428	427	333	
226	Quad4	333	427	426	332	
227	Quad4	335	430	429	334	
228	Quad4	334	429	428	536	
229	Quad4	531	432	431	336	
230	Quad4	336	431	430	335	
231	Quad4	337	434	433	527	
232	Quad4	527	433	432	531	
233	Quad4	339	436	435	338	
234	Quad4	338	435	434	337	
235	Quad4	341	438	437	340	
236	Quad4	340	437	436	339	
237	Quad4	535	440	439	342	
238	Quad4	342	439	438	341	
239	Quad4	344	442	441	343	
240	Quad4	343	441	440	535	
241	Quad4	530	444	443	345	
242	Quad4	345	443	442	344	
243	Quad4	346	446	445	526	
244	Quad4	526	445	444	530	
245	Quad4	525	448	447	347	
246	Quad4	347	447	446	346	
247	Quad4	349	450	449	348	
248	Quad4	348	449	448	525	
249	Quad4	351	452	451	350	
250	Quad4	350	451	450	349	
251	Quad4	380	454	453	352	
252	Quad4	352	453	452	351	
253	Quad4	354	479	478	353	
254	Quad4	353	478	477	533	
255	Quad4	356	481	480	355	
256	Quad4	355	480	479	354	
257	Quad4	358	483	482	357	
258	Quad4	357	482	481	356	
259	Quad4	360	485	484	359	
260	Quad4	359	484	483	358	
261	Quad4	362	487	486	361	
262	Quad4	361	486	485	360	
263	Quad4	532	489	488	363	
264	Quad4	363	488	487	362	
265	Quad4	365	491	490	364	
266	Quad4	364	490	489	532	
267	Quad4	367	493	492	366	
268	Quad4	366	492	491	365	
269	Quad4	369	495	494	368	
270	Quad4	368	494	493	367	
271	Quad4	371	497	496	370	
272	Quad4	370	496	495	369	
273	Quad4	543	499	498	372	
274	Quad4	372	498	497	371	
275	Quad4	528	501	500	373	
276	Quad4	373	500	499	543	
277	Quad4	375	503	502	374	
278	Quad4	374	502	501	528	
279	Quad4	377	505	504	376	
280	Quad4	376	504	503	375	
281	Quad4	534	507	506	378	
282	Quad4	378	506	505	377	
283	Quad4	382	509	508	379	
284	Quad4	379	508	507	534	
285	Quad4	384	455	454	380	
286	Quad4	381	420	419	385	
287	Quad4	386	510	509	382	
288	Quad4	383	475	474	387	
289	Quad4	391	23	393	384	
290	Quad4	393	456	455	384	
291	Quad4	419	418	399	385	
292	Quad4	399	3	537	385	
293	Quad4	386	405	511	510	
294	Quad4	407	15	405	386	
295	Quad4	387	541	27	388	
296	Quad4	474	473	541	387	
297	Quad4	418	417	400	399	
298	Quad4	417	416	398	400	
299	Quad4	416	415	397	398	
300	Quad4	415	414	396	397	
301	Quad4	414	524	523	396	
302	Quad4	522	7	396	523	
303	Quad4	388	27	26	389	
304	Quad4	389	26	25	390	
305	Quad4	390	25	24	392	
306	Quad4	392	24	23	391	
307	Quad4	393	394	457	456	
308	Quad4	393	23	22	394	
309	Quad4	394	395	458	457	
310	Quad4	394	22	21	395	
311	Quad4	395	529	459	458	
312	Quad4	395	21	20	529	
313	Quad4	529	542	538	459	
314	Quad4	542	461	460	538	
315	Quad4	542	19	462	461	
316	Quad4	529	20	19	542	
317	Quad4	405	404	512	511	
318	Quad4	404	403	513	512	
319	Quad4	403	402	514	513	
320	Quad4	402	401	515	514	
321	Quad4	401	517	516	515	
322	Quad4	401	11	518	517	
323	Quad4	11	10	519	518	
324	Quad4	10	9	520	519	
325	Quad4	9	8	521	520	
326	Quad4	521	8	7	522	
327	Quad4	396	7	6	397	
328	Quad4	397	6	5	398	
329	Quad4	398	5	4	400	
330	Quad4	400	4	3	399	
331	Quad4	402	12	11	401	
332	Quad4	403	13	12	402	
333	Quad4	404	14	13	403	
334	Quad4	405	15	14	404	
335	Quad4	537	3	2	406	
336	Quad4	406	2	1	409	
337	Quad4	408	16	15	407	
338	Quad4	409	1	16	408	
339	Quad4	473	472	410	541	
340	Quad4	410	28	27	541	
341	Quad4	472	471	411	410	
342	Quad4	411	29	28	410	
343	Quad4	471	470	412	411	
344	Quad4	412	30	29	411	
345	Quad4	470	469	413	412	
346	Quad4	413	31	30	412	
347	Quad4	469	468	467	413	
348	Quad4	413	467	466	31	
349	Quad4	466	465	32	31	
350	Quad4	19	18	463	462	
351	Quad4	18	17	464	463	
352	Quad4	464	17	32	465	
353	Quad4	414	151	152	524	
354	Quad4	415	150	151	414	
355	Quad4	416	149	150	415	
356	Quad4	417	148	149	416	
357	Quad4	418	147	148	417	
358	Quad4	419	146	147	418	
359	Quad4	420	145	146	419	
360	Quad4	421	144	145	420	
361	Quad4	422	143	144	421	
362	Quad4	423	142	143	422	
363	Quad4	424	141	142	423	
364	Quad4	425	140	141	424	
365	Quad4	426	139	140	425	
366	Quad4	427	138	139	426	
367	Quad4	428	137	138	427	
368	Quad4	429	136	137	428	
369	Quad4	430	135	136	429	
370	Quad4	431	134	135	430	
371	Quad4	432	133	134	431	
372	Quad4	433	132	133	432	
373	Quad4	434	131	132	433	
374	Quad4	435	130	131	434	
375	Quad4	436	129	130	435	
376	Quad4	437	128	129	436	
377	Quad4	438	127	128	437	
378	Quad4	439	126	127	438	
379	Quad4	440	125	126	439	
380	Quad4	441	124	125	440	
381	Quad4	442	123	124	441	
382	Quad4	443	122	123	442	
383	Quad4	444	121	122	443	
384	Quad4	445	120	121	444	
385	Quad4	446	119	120	445	
386	Quad4	447	118	119	446	
387	Quad4	448	117	118	447	
388	Quad4	449	116	117	448	
389	Quad4	450	115	116	449	
390	Quad4	451	114	115	450	
391	Quad4	452	113	114	451	
392	Quad4	453	112	113	452	
393	Quad4	454	111	112	453	
394	Quad4	455	110	111	454	
395	Quad4	456	109	110	455	
396	Quad4	457	108	109	456	
397	Quad4	458	107	108	457	
398	Quad4	459	106	107	458	
399	Quad4	538	105	106	459	
400	Quad4	460	104	105	538	
401	Quad4	460	103	94	104	
402	Quad4	461	102	103	460	
403	Quad4	462	101	102	461	
404	Quad4	463	100	101	462	
405	Quad4	464	99	100	463	
406	Quad4	465	98	99	464	
407	Quad4	466	97	98	465	
408	Quad4	467	96	97	466	
409	Quad4	468	95	96	467	
410	Quad4	468	93	44	95	
411	Quad4	469	92	93	468	
412	Quad4	470	91	92	469	
413	Quad4	471	90	91	470	
414	Quad4	472	89	90	471	
415	Quad4	473	88	89	472	
416	Quad4	474	87	88	473	
417	Quad4	475	86	87	474	
418	Quad4	476	85	86	475	
419	Quad4	477	84	85	476	
420	Quad4	478	83	84	477	
421	Quad4	479	82	83	478	
422	Quad4	480	81	82	479	
423	Quad4	481	80	81	480	
424	Quad4	482	79	80	481	
425	Quad4	483	78	79	482	
426	Quad4	484	77	78	483	
427	Quad4	485	76	77	484	
428	Quad4	486	75	76	485	
429	Quad4	487	74	75	486	
430	Quad4	488	73	74	487	
431	Quad4	489	72	73	488	
432	Quad4	490	71	72	489	
433	Quad4	491	70	71	490	
434	Quad4	492	69	70	491	
435	Quad4	493	68	69	492	
436	Quad4	494	67	68	493	
437	Quad4	495	66	67	494	
438	Quad4	496	65	66	495	
439	Quad4	497	64	65	496	
440	Quad4	498	63	64	497	
441	Quad4	499	62	63	498	
442	Quad4	500	61	62	499	
443	Quad4	501	60	61	500	
444	Quad4	502	59	60	501	
445	Quad4	503	58	59	502	
446	Quad4	504	57	58	503	
447	Quad4	505	56	57	504	
448	Quad4	506	55	56	505	
449	Quad4	507	54	55	506	
450	Quad4	508	53	54	507	
451	Quad4	509	52	53	508	
452	Quad4	510	51	52	509	
453	Quad4	511	50	51	510	
454	Quad4	512	49	50	511	
455	Quad4	513	48	49	512	
456	Quad4	514	47	48	513	
457	Quad4	515	46	47	514	
458	Quad4	516	45	46	515	
459	Quad4	516	43	34	45	
460	Quad4	517	42	43	516	
461	Quad4	518	41	42	517	
462	Quad4	519	40	41	518	
463	Quad4	520	39	40	519	
464	Quad4	521	38	39	520	
465	Quad4	522	37	38	521	
466	Quad4	523	36	37	522	
467	Quad4	524	35	36	523	
468	Quad4	152	33	35	524	
